582
637
624
571
529
1186
480
528
575
627
682
687
623
547
546
557
702
565
423
652
567
677
1217
614
598
540
492
577
536
520
635
610
569
532
526
459
515
533
572
636
579
719
726
700
686
564
337
548
727
629
595
435
676
706
707
513
642
661
633
507
1218
574
655
523
553
566
519
599
630
718
419
516
576
641
456
625
489
518
556
580
1102
437
1243
594
479
521
478
1099
589
538
510
632
544
665
568
1231
1240
603
649
476
511
561
672
662
674
721
517
535
588
551
638
534
335
504
508
541
466
527
505
626
472
455
495
491
549
689
600
619
692
539
591
463
1221
583
688
552
524
650
502
597
705
601
604
605
608
590
651
573
584
648
525
509
543
522
500
593
555
695
587
458
570
643
668
581
496
645
663
506
585
724
542
559
679
1233
693
578
691
558
545
602
467
531
498
611
712
757
671
656
667
586
